[gd_scene load_steps=9 format=2]

[ext_resource path="res://Levels/SubAreas/MinecartGame/MinecartGame.gd" type="Script" id=1]
[ext_resource path="res://Objects/Driveable/Minecart/Minecart.tscn" type="PackedScene" id=2]
[ext_resource path="res://Objects/MinecartTrack.gd" type="Script" id=3]
[ext_resource path="res://Objects/MinecartTrack.tscn" type="PackedScene" id=4]
[ext_resource path="res://Objects/MinecartTrackModifier.tscn" type="PackedScene" id=5]

[sub_resource type="Curve3D" id=1]
_data = {
"points": PoolVector3Array( 0, 0, 0, 0, 0, 0, 0.0739063, -0.000337601, 0.424966, 0, 0, 0, 0, 0, 0, -0.133181, 0.0125675, -15.7829, 0, 0, 9, 0, 0, -9, -0.335294, 0.0263519, -33.0903, -3.5, 0, 0, 3.5, 0, 0, 8.32442, 0.0347061, -43.561, 0, 0, -3, 0, 0, 3, 17.1112, 0.0303955, -38.1216, -0.4, 0, -3.1, 0.4, 0, 3.1, 16.567, 0.0194931, -24.4135, -4.85, 0, -1.25, 4.85, 0, 1.25, 22.784, 0.00587463, -7.30245, -4.05, 1.45, -0.1, 4.05, -1.45, 0.1, 51.5, 0, -7, -6, 1, 0, 6, -1, 0, 74.5, -9.5, -7, -5.45696, 0.426542, 3.26766, 5.45696, -0.426542, -3.26766, 99, -9.5, -7, 3.93919, -0.911398, 2.92615, -3.93919, 0.911398, -2.92615, 95.5994, 2.77533, -29.116, 1.92051, -1.09389, -3.27548, -1.92051, 1.09389, 3.27548, 79.3294, 4.53954, -25.5932, 0.087471, -0.306006, -2.38774, -0.087471, 0.306006, 2.38774, 83.5932, 6.33255, -8.90835, 1.74069, -0.706603, 0.631461, -1.74069, 0.706603, -0.631461, 77.6222, 8.7956, -2.32905, 2.34142, 0.19441, 0.876756, -2.34142, -0.19441, -0.876756, 62.7285, 15.8369, -3.79961, 3.89241, -0.347091, 1.81815, -3.89241, 0.347091, -1.81815, 46.99, 12.37, -1.14638, 0.993782, -1.12178, 1.62513, -0.993782, 1.12178, -1.62513, 40.2474, 18.2549, -9.38246, 0, 0, 0, 0, 0, 0, 33.3792, 19.1988, -21.5664 ),
"tilts": PoolRealArray( 0, 0, 0, 0, 0, 0, 0, 0, 0, 0, 0, 0, 0, 0, 0, 0, 0, 0 )
}

[sub_resource type="PlaneMesh" id=2]

[sub_resource type="CylinderMesh" id=3]

[node name="MinecartGame" type="Spatial"]
script = ExtResource( 1 )
minecart = NodePath("Track/Path/PathFollow/Minecart")
altitudeSpeedFactor = 0.1

[node name="Track" type="Spatial" parent="."]

[node name="Path" type="Path" parent="Track"]
curve = SubResource( 1 )
script = ExtResource( 3 )
trackFreq = 1.2

[node name="PathFollow" type="PathFollow" parent="Track/Path"]
transform = Transform( -0.999918, 1.01717e-05, -0.0127754, 0, 1, 0.000796131, 0.0127759, 0.000796095, -0.999883, 0.0739117, 0.529662, 0.425388 )
v_offset = 0.53
rotation_mode = 4
cubic_interp = false

[node name="Minecart" parent="Track/Path/PathFollow" instance=ExtResource( 2 )]
transform = Transform( 1, -2.98023e-08, -2.98023e-08, -1.49012e-08, 1, -2.98023e-08, 0, -2.98023e-08, 1.00001, 0, 0, 0 )
trackPointer = NodePath("..")
camTrackFollow = NodePath("../../PathFollow2")
camBaseDist = 7.5
camMaxDist = 12.0
speedCamModifier = 0.4
selfDriving = true

[node name="PathFollow2" type="PathFollow" parent="Track/Path"]
transform = Transform( -0.999918, 1.01717e-05, -0.0127759, 0, 1, 0.000796159, 0.0127759, 0.000796095, -0.999918, 0.0739063, -0.000337601, 0.424966 )
rotation_mode = 4
cubic_interp = false
loop = false

[node name="Camera" type="Camera" parent="Track/Path/PathFollow2"]
transform = Transform( 0.999918, 1.01717e-05, 0.0127759, 8.43767e-14, 1, -0.000796159, -0.0127759, 0.000796094, 0.999918, 0, 3.64, 0 )

[node name="TrackPathFollow" type="PathFollow" parent="Track/Path"]
transform = Transform( -0.999918, 1.01717e-05, -0.0127759, 0, 1, 0.000796159, 0.0127759, 0.000796095, -0.999918, 0.0739063, -0.000337601, 0.424966 )
rotation_mode = 4

[node name="TrackPathFollow2" type="PathFollow" parent="Track/Path"]
transform = Transform( -0.999918, 1.01717e-05, -0.0127759, -4.82032e-11, 1, 0.00079616, 0.012776, 0.000796096, -0.999917, 0.0585862, 0.000617107, -0.774078 )
offset = 1.2
rotation_mode = 4

[node name="MinecartTrack" parent="Track/Path/TrackPathFollow2" instance=ExtResource( 4 )]

[node name="TrackPathFollow3" type="PathFollow" parent="Track/Path"]
transform = Transform( -0.999918, 1.01716e-05, -0.0127759, -3.18323e-11, 1, 0.000796158, 0.0127759, 0.000796094, -0.999917, 0.0432719, 0.00157145, -1.97266 )
offset = 2.4
rotation_mode = 4

[node name="MinecartTrack" parent="Track/Path/TrackPathFollow3" instance=ExtResource( 4 )]

[node name="TrackPathFollow4" type="PathFollow" parent="Track/Path"]
transform = Transform( -0.999918, 1.01724e-05, -0.0127759, 7.7307e-10, 1, 0.000796155, 0.0127759, 0.00079609, -0.999918, 0.0279855, 0.00252405, -3.16907 )
offset = 3.6
rotation_mode = 4

[node name="MinecartTrack" parent="Track/Path/TrackPathFollow4" instance=ExtResource( 4 )]

[node name="TrackPathFollow5" type="PathFollow" parent="Track/Path"]
transform = Transform( -0.999918, 1.01717e-05, -0.0127759, -3.72893e-11, 1, 0.000796161, 0.0127759, 0.000796097, -0.999917, 0.0126558, 0.00347936, -4.36885 )
offset = 4.8
rotation_mode = 4

[node name="MinecartTrack" parent="Track/Path/TrackPathFollow5" instance=ExtResource( 4 )]

[node name="TrackPathFollow6" type="PathFollow" parent="Track/Path"]
transform = Transform( -0.999918, 1.01743e-05, -0.0127758, 2.79033e-09, 1, 0.000796149, 0.0127758, 0.000796084, -0.999918, -0.002661, 0.00443386, -5.56764 )
offset = 6.0
rotation_mode = 4

[node name="MinecartTrack" parent="Track/Path/TrackPathFollow6" instance=ExtResource( 4 )]

[node name="TrackPathFollow7" type="PathFollow" parent="Track/Path"]
transform = Transform( -0.999918, 1.01765e-05, -0.0127759, 4.85943e-09, 1, 0.000796154, 0.0127759, 0.000796091, -0.999916, -0.0179652, 0.00538757, -6.76543 )
offset = 7.2
rotation_mode = 4

[node name="MinecartTrack" parent="Track/Path/TrackPathFollow7" instance=ExtResource( 4 )]

[node name="TrackPathFollow8" type="PathFollow" parent="Track/Path"]
transform = Transform( -0.999918, 1.01788e-05, -0.0127759, 7.16409e-09, 1, 0.000796161, 0.0127759, 0.000796097, -0.999917, -0.0331707, 0.00633514, -7.95551 )
offset = 8.4
rotation_mode = 4

[node name="MinecartTrack" parent="Track/Path/TrackPathFollow8" instance=ExtResource( 4 )]

[node name="TrackPathFollow9" type="PathFollow" parent="Track/Path"]
transform = Transform( -0.999918, 1.01716e-05, -0.0127759, -2.18279e-11, 1, 0.000796158, 0.0127759, 0.000796093, -0.999918, -0.0484576, 0.00728778, -9.15195 )
offset = 9.6
rotation_mode = 4

[node name="MinecartTrack" parent="Track/Path/TrackPathFollow9" instance=ExtResource( 4 )]

[node name="TrackPathFollow10" type="PathFollow" parent="Track/Path"]
transform = Transform( -0.999918, 1.01717e-05, -0.012776, -6.73026e-11, 1, 0.00079616, 0.012776, 0.000796096, -0.999917, -0.0637486, 0.00824067, -10.3487 )
offset = 10.8
rotation_mode = 4

[node name="MinecartTrack" parent="Track/Path/TrackPathFollow10" instance=ExtResource( 4 )]

[node name="TrackPathFollow11" type="PathFollow" parent="Track/Path"]
transform = Transform( -0.999918, 1.018e-05, -0.0127758, 8.11542e-09, 1, 0.000796179, 0.0127759, 0.000796114, -0.999918, -0.0791362, 0.00919957, -11.553 )
offset = 12.0
rotation_mode = 4

[node name="MinecartTrack" parent="Track/Path/TrackPathFollow11" instance=ExtResource( 4 )]

[node name="TrackPathFollow12" type="PathFollow" parent="Track/Path"]
transform = Transform( -0.999918, 1.01799e-05, -0.012776, 7.83256e-09, 1, 0.000796179, 0.0127761, 0.000796115, -0.999917, -0.0945086, 0.0101575, -12.7562 )
offset = 13.2
rotation_mode = 4

[node name="MinecartTrack" parent="Track/Path/TrackPathFollow12" instance=ExtResource( 4 )]

[node name="TrackPathFollow13" type="PathFollow" parent="Track/Path"]
transform = Transform( -0.999918, 1.01795e-05, -0.0127758, 7.89623e-09, 1, 0.000796161, 0.0127758, 0.000796097, -0.999918, -0.109858, 0.0111141, -13.9575 )
offset = 14.4
rotation_mode = 4

[node name="MinecartTrack" parent="Track/Path/TrackPathFollow13" instance=ExtResource( 4 )]

[node name="TrackPathFollow14" type="PathFollow" parent="Track/Path"]
transform = Transform( -0.999918, 1.01717e-05, -0.0127759, 3.63798e-12, 1, 0.000796161, 0.0127759, 0.000796097, -0.999918, -0.125158, 0.0120675, -15.155 )
offset = 15.6
rotation_mode = 4

[node name="MinecartTrack" parent="Track/Path/TrackPathFollow14" instance=ExtResource( 4 )]

[node name="TrackPathFollow15" type="PathFollow" parent="Track/Path"]
transform = Transform( -0.99976, 2.56146e-05, -0.021917, -7.14889e-06, 0.999999, 0.00149481, 0.021917, 0.0014946, -0.999759, -0.146286, 0.0134613, -16.3553 )
offset = 16.8
rotation_mode = 4

[node name="MinecartTrack" parent="Track/Path/TrackPathFollow15" instance=ExtResource( 4 )]

[node name="TrackPathFollow16" type="PathFollow" parent="Track/Path"]
transform = Transform( -0.999801, 2.28545e-05, -0.0199702, -4.34563e-06, 0.999998, 0.001362, 0.0199702, 0.00136181, -0.9998, -0.171554, 0.0151846, -17.5552 )
offset = 18.0
rotation_mode = 4

[node name="MinecartTrack" parent="Track/Path/TrackPathFollow16" instance=ExtResource( 4 )]

[node name="TrackPathFollow17" type="PathFollow" parent="Track/Path"]
transform = Transform( -0.999831, 2.08086e-05, -0.0183956, -2.27113e-06, 0.999999, 0.00125461, 0.0183956, 0.00125444, -0.99983, -0.194727, 0.016765, -18.7557 )
offset = 19.2
rotation_mode = 4

[node name="MinecartTrack" parent="Track/Path/TrackPathFollow17" instance=ExtResource( 4 )]

[node name="TrackPathFollow18" type="PathFollow" parent="Track/Path"]
transform = Transform( -0.999856, 1.90813e-05, -0.0169531, -5.20204e-07, 0.999999, 0.00115622, 0.0169531, 0.00115606, -0.999856, -0.21603, 0.0182179, -19.953 )
offset = 20.4
rotation_mode = 4

[node name="MinecartTrack" parent="Track/Path/TrackPathFollow18" instance=ExtResource( 4 )]

[node name="TrackPathFollow19" type="PathFollow" parent="Track/Path"]
transform = Transform( -0.999879, 1.75502e-05, -0.0155624, 1.03301e-06, 0.999999, 0.00106136, 0.0155624, 0.00106122, -0.999878, -0.235629, 0.0195546, -21.1501 )
offset = 21.6
rotation_mode = 4

[node name="MinecartTrack" parent="Track/Path/TrackPathFollow19" instance=ExtResource( 4 )]

[node name="TrackPathFollow20" type="PathFollow" parent="Track/Path"]
transform = Transform( -0.999899, 1.61634e-05, -0.0141846, 2.44154e-06, 1, 0.000967395, 0.0141846, 0.000967263, -0.999899, -0.253582, 0.020779, -22.3477 )
offset = 22.8
rotation_mode = 4

[node name="MinecartTrack" parent="Track/Path/TrackPathFollow20" instance=ExtResource( 4 )]

[node name="TrackPathFollow21" type="PathFollow" parent="Track/Path"]
transform = Transform( -0.999918, 1.48954e-05, -0.0127944, 3.73166e-06, 1, 0.00087257, 0.0127944, 0.000872451, -0.999918, -0.269953, 0.0218955, -23.5508 )
offset = 24.0
rotation_mode = 4

[node name="MinecartTrack" parent="Track/Path/TrackPathFollow21" instance=ExtResource( 4 )]

[node name="TrackPathFollow22" type="PathFollow" parent="Track/Path"]
transform = Transform( -0.999935, 1.37407e-05, -0.0113795, 4.90948e-06, 1, 0.000776092, 0.0113795, 0.000775986, -0.999935, -0.284631, 0.0228966, -24.7531 )
offset = 25.2
rotation_mode = 4

[node name="MinecartTrack" parent="Track/Path/TrackPathFollow22" instance=ExtResource( 4 )]

[node name="TrackPathFollow23" type="PathFollow" parent="Track/Path"]
transform = Transform( -0.999951, 1.26972e-05, -0.00992696, 5.97688e-06, 1, 0.000677, 0.00992699, 0.000676909, -0.999949, -0.297586, 0.0237802, -25.9549 )
offset = 26.4
rotation_mode = 4

[node name="MinecartTrack" parent="Track/Path/TrackPathFollow23" instance=ExtResource( 4 )]

[node name="TrackPathFollow24" type="PathFollow" parent="Track/Path"]
transform = Transform( -0.999965, 1.17701e-05, -0.0084243, 6.93012e-06, 1, 0.000574558, 0.00842432, 0.000574479, -0.999964, -0.308788, 0.0245442, -27.1586 )
offset = 27.6
rotation_mode = 4

[node name="MinecartTrack" parent="Track/Path/TrackPathFollow24" instance=ExtResource( 4 )]

[node name="TrackPathFollow25" type="PathFollow" parent="Track/Path"]
transform = Transform( -0.999976, 1.09697e-05, -0.00686163, 7.75858e-06, 1, 0.000468013, 0.00686163, 0.000467949, -0.999976, -0.318114, 0.0251802, -28.3575 )
offset = 28.8
rotation_mode = 4

[node name="MinecartTrack" parent="Track/Path/TrackPathFollow25" instance=ExtResource( 4 )]

[node name="TrackPathFollow26" type="PathFollow" parent="Track/Path"]
transform = Transform( -0.999986, 1.03078e-05, -0.00521738, 8.45123e-06, 1, 0.000355867, 0.00521739, 0.000355819, -0.999985, -0.325559, 0.025688, -29.5614 )
offset = 30.0
rotation_mode = 4

[node name="MinecartTrack" parent="Track/Path/TrackPathFollow26" instance=ExtResource( 4 )]

[node name="TrackPathFollow27" type="PathFollow" parent="Track/Path"]
transform = Transform( -0.999994, 9.80977e-06, -0.00348064, 8.98352e-06, 1, 0.000237401, 0.00348064, 0.000237368, -0.999994, -0.331001, 0.0260591, -30.7702 )
offset = 31.2
rotation_mode = 4

[node name="MinecartTrack" parent="Track/Path/TrackPathFollow27" instance=ExtResource( 4 )]

[node name="TrackPathFollow28" type="PathFollow" parent="Track/Path"]
transform = Transform( -0.999999, 9.509e-06, -0.00165514, 9.32218e-06, 1, 0.000112884, 0.00165514, 0.000112868, -0.999998, -0.334265, 0.0262817, -31.9663 )
offset = 32.4
rotation_mode = 4

[node name="MinecartTrack" parent="Track/Path/TrackPathFollow28" instance=ExtResource( 4 )]

[node name="TrackPathFollow29" type="PathFollow" parent="Track/Path"]
transform = Transform( -0.999971, 9.39122e-06, 0.00763326, 9.48556e-06, 1, 1.23219e-05, -0.00763326, 1.23939e-05, -0.999971, -0.33517, 0.0263521, -33.1666 )
offset = 33.6
rotation_mode = 4

[node name="MinecartTrack" parent="Track/Path/TrackPathFollow29" instance=ExtResource( 4 )]

[node name="TrackPathFollow30" type="PathFollow" parent="Track/Path"]
transform = Transform( -0.9979, 5.67213e-06, 0.0647684, 1.23595e-05, 1, 0.00010285, -0.0647684, 0.000103434, -0.9979, -0.298176, 0.0264113, -34.3725 )
offset = 34.8
rotation_mode = 4

[node name="MinecartTrack" parent="Track/Path/TrackPathFollow30" instance=ExtResource( 4 )]

[node name="TrackPathFollow31" type="PathFollow" parent="Track/Path"]
transform = Transform( -0.991205, -5.19e-06, 0.132339, 2.22876e-05, 1, 0.00020615, -0.132339, 0.000207286, -0.991205, -0.187886, 0.0265849, -35.5661 )
offset = 36.0
rotation_mode = 4

[node name="MinecartTrack" parent="Track/Path/TrackPathFollow31" instance=ExtResource( 4 )]

[node name="TrackPathFollow32" type="PathFollow" parent="Track/Path"]
transform = Transform( -0.977025, -2.68206e-05, 0.213123, 4.3266e-05, 1, 0.000324191, -0.213123, 0.000325964, -0.977024, 0.00985308, 0.0268898, -36.7488 )
offset = 37.2
rotation_mode = 4

[node name="MinecartTrack" parent="Track/Path/TrackPathFollow32" instance=ExtResource( 4 )]

[node name="TrackPathFollow33" type="PathFollow" parent="Track/Path"]
transform = Transform( -0.950964, -6.41691e-05, 0.3093, 8.11451e-05, 1, 0.000456951, -0.3093, 0.000459643, -0.950964, 0.313237, 0.0273455, -37.9139 )
offset = 38.4
rotation_mode = 4

[node name="MinecartTrack" parent="Track/Path/TrackPathFollow33" instance=ExtResource( 4 )]

[node name="TrackPathFollow34" type="PathFollow" parent="Track/Path"]
transform = Transform( -0.907281, -0.000122233, 0.420524, 0.000142921, 1, 0.000599019, -0.420524, 0.00060358, -0.907281, 0.736724, 0.0279617, -39.0306 )
offset = 39.6
rotation_mode = 4

[node name="MinecartTrack" parent="Track/Path/TrackPathFollow34" instance=ExtResource( 4 )]

[node name="TrackPathFollow35" type="PathFollow" parent="Track/Path"]
transform = Transform( -0.838579, -0.000205146, 0.544781, 0.000236482, 1, 0.000740581, -0.544781, 0.000749867, -0.838578, 1.30118, 0.0287504, -40.0852 )
offset = 40.8
rotation_mode = 4

[node name="MinecartTrack" parent="Track/Path/TrackPathFollow35" instance=ExtResource( 4 )]

[node name="TrackPathFollow36" type="PathFollow" parent="Track/Path"]
transform = Transform( -0.739619, -0.000309101, 0.673026, 0.00036463, 1, 0.000859979, -0.673026, 0.000881462, -0.739619, 2.01894, 0.0297017, -41.0446 )
offset = 42.0
rotation_mode = 4

[node name="MinecartTrack" parent="Track/Path/TrackPathFollow36" instance=ExtResource( 4 )]

[node name="TrackPathFollow37" type="PathFollow" parent="Track/Path"]
transform = Transform( -0.612162, -0.000416858, 0.790732, 0.00051885, 0.999999, 0.000928859, -0.790732, 0.000978883, -0.612162, 2.88954, 0.0307773, -41.8729 )
offset = 43.2
rotation_mode = 4

[node name="MinecartTrack" parent="Track/Path/TrackPathFollow37" instance=ExtResource( 4 )]

[node name="TrackPathFollow38" type="PathFollow" parent="Track/Path"]
transform = Transform( -0.468438, -0.000497725, 0.883496, 0.000677186, 0.999999, 0.000922409, -0.883496, 0.00103038, -0.468438, 3.88829, 0.0318975, -42.5369 )
offset = 44.4
rotation_mode = 4

[node name="MinecartTrack" parent="Track/Path/TrackPathFollow38" instance=ExtResource( 4 )]

[node name="TrackPathFollow39" type="PathFollow" parent="Track/Path"]
transform = Transform( -0.324409, -0.000519042, 0.945917, 0.000816293, 0.999998, 0.000828672, -0.945917, 0.00104097, -0.324408, 4.98325, 0.032967, -43.0267 )
offset = 45.6
rotation_mode = 4

[node name="MinecartTrack" parent="Track/Path/TrackPathFollow39" instance=ExtResource( 4 )]

[node name="TrackPathFollow40" type="PathFollow" parent="Track/Path"]
transform = Transform( -0.192055, -0.000452615, 0.981384, 0.000918688, 0.999999, 0.000640986, -0.981384, 0.00102469, -0.192054, 6.13793, 0.0338768, -43.3483 )
offset = 46.8
rotation_mode = 4

[node name="MinecartTrack" parent="Track/Path/TrackPathFollow40" instance=ExtResource( 4 )]

[node name="TrackPathFollow41" type="PathFollow" parent="Track/Path"]
transform = Transform( -0.0762856, -0.000263467, 0.997085, 0.00097955, 0.999999, 0.00033918, -0.997086, 0.00100257, -0.0762852, 7.32497, 0.0345082, -43.5192 )
offset = 48.0
rotation_mode = 4

[node name="MinecartTrack" parent="Track/Path/TrackPathFollow41" instance=ExtResource( 4 )]

[node name="TrackPathFollow42" type="PathFollow" parent="Track/Path"]
transform = Transform( 0.0377235, 2.79049e-05, 0.999288, 0.000995096, 1, -6.54899e-05, -0.999288, 0.000996858, 0.0377234, 8.5247, 0.0347015, -43.5584 )
offset = 49.2
rotation_mode = 4

[node name="MinecartTrack" parent="Track/Path/TrackPathFollow42" instance=ExtResource( 4 )]

[node name="TrackPathFollow43" type="PathFollow" parent="Track/Path"]
transform = Transform( 0.159644, 9.83116e-05, 0.987174, 0.000975681, 1, -0.000257374, -0.987174, 0.00100426, 0.159643, 9.71979, 0.0345177, -43.4484 )
offset = 50.4
rotation_mode = 4

[node name="MinecartTrack" parent="Track/Path/TrackPathFollow43" instance=ExtResource( 4 )]

[node name="TrackPathFollow44" type="PathFollow" parent="Track/Path"]
transform = Transform( 0.254876, 0.000124774, 0.966973, 0.000947988, 1, -0.000378908, -0.966973, 0.00101326, 0.254876, 10.8945, 0.0341432, -43.2076 )
offset = 51.6
rotation_mode = 4

[node name="MinecartTrack" parent="Track/Path/TrackPathFollow44" instance=ExtResource( 4 )]

[node name="TrackPathFollow45" type="PathFollow" parent="Track/Path"]
transform = Transform( 0.339486, 0.00012406, 0.940611, 0.000908524, 1, -0.000459797, -0.940611, 0.00101066, 0.339485, 12.0414, 0.0336453, -42.8592 )
offset = 52.8
rotation_mode = 4

[node name="MinecartTrack" parent="Track/Path/TrackPathFollow45" instance=ExtResource( 4 )]

[node name="TrackPathFollow46" type="PathFollow" parent="Track/Path"]
transform = Transform( 0.423171, 9.64792e-05, 0.90605, 0.000868523, 1, -0.000512127, -0.90605, 0.00100364, 0.42317, 13.1545, 0.0330645, -42.4099 )
offset = 54.0
rotation_mode = 4

[node name="MinecartTrack" parent="Track/Path/TrackPathFollow46" instance=ExtResource( 4 )]

[node name="TrackPathFollow47" type="PathFollow" parent="Track/Path"]
transform = Transform( 0.513677, 4.73706e-05, 0.857983, 0.00080818, 1, -0.000539071, -0.857983, 0.000970314, 0.513677, 14.2208, 0.0324331, -41.8572 )
offset = 55.2
rotation_mode = 4

[node name="MinecartTrack" parent="Track/Path/TrackPathFollow47" instance=ExtResource( 4 )]

[node name="TrackPathFollow48" type="PathFollow" parent="Track/Path"]
transform = Transform( 0.620355, -3.72613e-05, 0.784321, 0.000736969, 1, -0.000535393, -0.784321, 0.000910154, 0.620354, 15.2194, 0.0317828, -41.1878 )
offset = 56.4
rotation_mode = 4

[node name="MinecartTrack" parent="Track/Path/TrackPathFollow48" instance=ExtResource( 4 )]

[node name="TrackPathFollow49" type="PathFollow" parent="Track/Path"]
transform = Transform( 0.752407, -0.000164951, 0.658699, 0.0006407, 1, -0.00048143, -0.658698, 0.000784259, 0.752408, 16.1047, 0.0311609, -40.3805 )
offset = 57.6
rotation_mode = 4

[node name="MinecartTrack" parent="Track/Path/TrackPathFollow49" instance=ExtResource( 4 )]

[node name="TrackPathFollow50" type="PathFollow" parent="Track/Path"]
transform = Transform( 0.90686, -0.00033092, 0.421431, 0.000516676, 1, -0.000326585, -0.421431, 0.000513911, 0.90686, 16.7921, 0.0306467, -39.4 )
offset = 58.8
rotation_mode = 4

[node name="MinecartTrack" parent="Track/Path/TrackPathFollow50" instance=ExtResource( 4 )]

[node name="TrackPathFollow51" type="PathFollow" parent="Track/Path"]
transform = Transform( 0.99988, -0.000424976, 0.0155062, 0.000425385, 1, -2.30458e-05, -0.0155062, 2.96392e-05, 0.99988, 17.1079, 0.0303982, -38.2507 )
offset = 60.0
rotation_mode = 4

[node name="MinecartTrack" parent="Track/Path/TrackPathFollow51" instance=ExtResource( 4 )]

[node name="TrackPathFollow52" type="PathFollow" parent="Track/Path"]
transform = Transform( 0.998915, -0.000439437, -0.0465631, 0.000414154, 1, -0.000552623, 0.0465633, 0.00053274, 0.998915, 17.0834, 0.0300695, -37.0525 )
offset = 61.2
rotation_mode = 4

[node name="MinecartTrack" parent="Track/Path/TrackPathFollow52" instance=ExtResource( 4 )]

[node name="TrackPathFollow53" type="PathFollow" parent="Track/Path"]
transform = Transform( 0.997911, -0.000452604, -0.0646057, 0.000402439, 1, -0.000789488, 0.064606, 0.000761839, 0.997911, 17.0171, 0.0292724, -35.8553 )
offset = 62.4
rotation_mode = 4

[node name="MinecartTrack" parent="Track/Path/TrackPathFollow53" instance=ExtResource( 4 )]

[node name="TrackPathFollow54" type="PathFollow" parent="Track/Path"]
transform = Transform( 0.997385, -0.000461016, -0.0722703, 0.000396001, 0.999998, -0.00091395, 0.0722706, 0.000882939, 0.997385, 16.9348, 0.0282526, -34.6546 )
offset = 63.6
rotation_mode = 4

[node name="MinecartTrack" parent="Track/Path/TrackPathFollow54" instance=ExtResource( 4 )]

[node name="TrackPathFollow55" type="PathFollow" parent="Track/Path"]
transform = Transform( 0.997225, -0.000465979, -0.0744397, 0.000393968, 0.999998, -0.000982055, 0.0744401, 0.000950002, 0.997225, 16.8465, 0.0271163, -33.4564 )
offset = 64.8
rotation_mode = 4

[node name="MinecartTrack" parent="Track/Path/TrackPathFollow55" instance=ExtResource( 4 )]

[node name="TrackPathFollow56" type="PathFollow" parent="Track/Path"]
transform = Transform( 0.997346, -0.000472753, -0.0728116, 0.000399946, 0.999999, -0.00101451, 0.0728121, 0.0009827, 0.997345, 16.7577, 0.025921, -32.2619 )
offset = 66.0
rotation_mode = 4

[node name="MinecartTrack" parent="Track/Path/TrackPathFollow56" instance=ExtResource( 4 )]

[node name="TrackPathFollow57" type="PathFollow" parent="Track/Path"]
transform = Transform( 0.997694, -0.000468951, -0.06787, 0.000400713, 0.999999, -0.00101904, 0.0678704, 0.000989496, 0.997694, 16.6721, 0.0246929, -31.0592 )
offset = 67.2
rotation_mode = 4

[node name="MinecartTrack" parent="Track/Path/TrackPathFollow57" instance=ExtResource( 4 )]

[node name="TrackPathFollow58" type="PathFollow" parent="Track/Path"]
transform = Transform( 0.998244, -0.000467729, -0.0592377, 0.0004094, 0.999999, -0.000996799, 0.0592382, 0.000970797, 0.998243, 16.5944, 0.0234762, -29.8595 )
offset = 68.4
rotation_mode = 4

[node name="MinecartTrack" parent="Track/Path/TrackPathFollow58" instance=ExtResource( 4 )]

[node name="TrackPathFollow59" type="PathFollow" parent="Track/Path"]
transform = Transform( 0.998949, -0.000474706, -0.0458331, 0.000431922, 0.999999, -0.000943383, 0.0458335, 0.000922595, 0.998949, 16.5293, 0.0223, -28.6579 )
offset = 69.6
rotation_mode = 4

[node name="MinecartTrack" parent="Track/Path/TrackPathFollow59" instance=ExtResource( 4 )]

[node name="TrackPathFollow60" type="PathFollow" parent="Track/Path"]
transform = Transform( 0.999683, -0.000462296, -0.025173, 0.000441157, 1, -0.000845293, 0.0251734, 0.00083392, 0.999683, 16.4837, 0.0212092, -27.4561 )
offset = 70.8
rotation_mode = 4

[node name="MinecartTrack" parent="Track/Path/TrackPathFollow60" instance=ExtResource( 4 )]

[node name="TrackPathFollow61" type="PathFollow" parent="Track/Path"]
transform = Transform( 0.999963, -0.000461456, 0.00853821, 0.00046719, 1, -0.00066956, -0.00853791, 0.000673526, 0.999962, 16.4686, 0.0202732, -26.2573 )
offset = 72.0
rotation_mode = 4

[node name="MinecartTrack" parent="Track/Path/TrackPathFollow61" instance=ExtResource( 4 )]

[node name="TrackPathFollow62" type="PathFollow" parent="Track/Path"]
transform = Transform( 0.997336, -0.000476595, 0.072947, 0.000500806, 1, -0.000313617, -0.0729469, 0.000349314, 0.997336, 16.5063, 0.0196203, -25.0587 )
offset = 73.2
rotation_mode = 4

[node name="MinecartTrack" parent="Track/Path/TrackPathFollow62" instance=ExtResource( 4 )]

[node name="TrackPathFollow63" type="PathFollow" parent="Track/Path"]
transform = Transform( 0.993466, -0.000465775, 0.114131, 0.000510329, 1, -0.000361151, -0.11413, 0.000417035, 0.993466, 16.6333, 0.0193898, -23.8645 )
offset = 74.4
rotation_mode = 4

[node name="MinecartTrack" parent="Track/Path/TrackPathFollow63" instance=ExtResource( 4 )]

[node name="TrackPathFollow64" type="PathFollow" parent="Track/Path"]
transform = Transform( 0.993348, -0.000437769, 0.115151, 0.000511162, 1, -0.000607838, -0.11515, 0.000662656, 0.993347, 16.7692, 0.0188103, -22.6731 )
offset = 75.6
rotation_mode = 4

[node name="MinecartTrack" parent="Track/Path/TrackPathFollow64" instance=ExtResource( 4 )]

[node name="TrackPathFollow65" type="PathFollow" parent="Track/Path"]
transform = Transform( 0.992158, -0.000423688, 0.124993, 0.000517751, 1, -0.000720065, -0.124992, 0.000779133, 0.992157, 16.9119, 0.0180176, -21.4808 )
offset = 76.8
rotation_mode = 4

[node name="MinecartTrack" parent="Track/Path/TrackPathFollow65" instance=ExtResource( 4 )]

[node name="TrackPathFollow66" type="PathFollow" parent="Track/Path"]
transform = Transform( 0.990317, -0.00041405, 0.138823, 0.000528222, 1, -0.000785584, -0.138823, 0.000851307, 0.990317, 17.0687, 0.0171163, -20.2891 )
offset = 78.0
rotation_mode = 4

[node name="MinecartTrack" parent="Track/Path/TrackPathFollow66" instance=ExtResource( 4 )]

[node name="TrackPathFollow67" type="PathFollow" parent="Track/Path"]
transform = Transform( 0.987821, -0.00041422, 0.155596, 0.000549761, 1, -0.000828075, -0.155596, 0.000903532, 0.987819, 17.244, 0.0161477, -19.0983 )
offset = 79.2
rotation_mode = 4

[node name="MinecartTrack" parent="Track/Path/TrackPathFollow67" instance=ExtResource( 4 )]

[node name="TrackPathFollow68" type="PathFollow" parent="Track/Path"]
transform = Transform( 0.98451, -0.000399889, 0.17533, 0.000558678, 1, -0.000856298, -0.17533, 0.000940987, 0.984509, 17.4402, 0.0151392, -17.9149 )
offset = 80.4
rotation_mode = 4

[node name="MinecartTrack" parent="Track/Path/TrackPathFollow68" instance=ExtResource( 4 )]

[node name="TrackPathFollow69" type="PathFollow" parent="Track/Path"]
transform = Transform( 0.980088, -0.000398835, 0.198564, 0.000584166, 0.999999, -0.000874777, -0.198563, 0.000973352, 0.980088, 17.6624, 0.014099, -16.7327 )
offset = 81.6
rotation_mode = 4

[node name="MinecartTrack" parent="Track/Path/TrackPathFollow69" instance=ExtResource( 4 )]

[node name="TrackPathFollow70" type="PathFollow" parent="Track/Path"]
transform = Transform( 0.974111, -0.000388107, 0.226072, 0.000603839, 0.999999, -0.000885108, -0.226072, 0.000998704, 0.97411, 17.9141, 0.0130428, -15.5588 )
offset = 82.8
rotation_mode = 4

[node name="MinecartTrack" parent="Track/Path/TrackPathFollow70" instance=ExtResource( 4 )]

[node name="TrackPathFollow71" type="PathFollow" parent="Track/Path"]
transform = Transform( 0.965888, -0.000386002, 0.258959, 0.000637633, 0.999999, -0.00088771, -0.258959, 0.00102255, 0.965888, 18.2011, 0.0119788, -14.3939 )
offset = 84.0
rotation_mode = 4

[node name="MinecartTrack" parent="Track/Path/TrackPathFollow71" instance=ExtResource( 4 )]

[node name="TrackPathFollow72" type="PathFollow" parent="Track/Path"]
transform = Transform( 0.954191, -0.000379636, 0.299197, 0.000674364, 0.999999, -0.000881815, -0.299196, 0.00104319, 0.954191, 18.5302, 0.0109186, -13.2435 )
offset = 85.2
rotation_mode = 4

[node name="MinecartTrack" parent="Track/Path/TrackPathFollow72" instance=ExtResource( 4 )]

[node name="TrackPathFollow73" type="PathFollow" parent="Track/Path"]
transform = Transform( 0.936843, -0.000369693, 0.34975, 0.000717506, 0.999999, -0.000864896, -0.349749, 0.00106122, 0.936843, 18.913, 0.00986861, -12.1075 )
offset = 86.4
rotation_mode = 4

[node name="MinecartTrack" parent="Track/Path/TrackPathFollow73" instance=ExtResource( 4 )]

[node name="TrackPathFollow74" type="PathFollow" parent="Track/Path"]
transform = Transform( 0.90968, -0.000364993, 0.41531, 0.000780906, 0.999999, -0.000831626, -0.415309, 0.00108083, 0.90968, 19.3647, 0.00884309, -10.9931 )
offset = 87.6
rotation_mode = 4

[node name="MinecartTrack" parent="Track/Path/TrackPathFollow74" instance=ExtResource( 4 )]

[node name="TrackPathFollow75" type="PathFollow" parent="Track/Path"]
transform = Transform( 0.864474, -0.000352656, 0.502677, 0.000856478, 0.999999, -0.000771365, -0.502676, 0.00109736, 0.864474, 19.9047, 0.00787093, -9.92074 )
offset = 88.8
rotation_mode = 4

[node name="MinecartTrack" parent="Track/Path/TrackPathFollow75" instance=ExtResource( 4 )]

[node name="TrackPathFollow76" type="PathFollow" parent="Track/Path"]
transform = Transform( 0.782728, -0.000343074, 0.622364, 0.000963963, 0.999999, -0.000661105, -0.622363, 0.0011174, 0.782728, 20.5652, 0.00699257, -8.91778 )
offset = 90.0
rotation_mode = 4

[node name="MinecartTrack" parent="Track/Path/TrackPathFollow76" instance=ExtResource( 4 )]

[node name="TrackPathFollow77" type="PathFollow" parent="Track/Path"]
transform = Transform( 0.62615, -0.000325601, 0.779702, 0.00108885, 0.999999, -0.000456819, -0.779702, 0.00113502, 0.62615, 21.3858, 0.0062904, -8.04821 )
offset = 91.2
rotation_mode = 4

[node name="MinecartTrack" parent="Track/Path/TrackPathFollow77" instance=ExtResource( 4 )]

[node name="TrackPathFollow78" type="PathFollow" parent="Track/Path"]
transform = Transform( 0.340177, -0.000300896, 0.940361, 0.00117807, 0.999999, -0.000106189, -0.940361, 0.00114393, 0.340177, 22.4056, 0.00590296, -7.42607 )
offset = 92.4
rotation_mode = 4

[node name="MinecartTrack" parent="Track/Path/TrackPathFollow78" instance=ExtResource( 4 )]

[node name="TrackPathFollow79" type="PathFollow" parent="Track/Path"]
transform = Transform( 0.158689, -0.0215258, 0.987094, 0.000370773, 0.999764, 0.0217425, -0.987329, -0.0030843, 0.158659, 23.5688, 0.0150952, -7.14024 )
offset = 93.6
rotation_mode = 4

[node name="MinecartTrack" parent="Track/Path/TrackPathFollow79" instance=ExtResource( 4 )]

[node name="TrackPathFollow80" type="PathFollow" parent="Track/Path"]
transform = Transform( 0.101757, -0.0334403, 0.994247, -0.00117115, 0.99943, 0.0337345, -0.994809, -0.00459714, 0.10166, 24.7573, 0.0481542, -6.98217 )
offset = 94.8
rotation_mode = 4

[node name="MinecartTrack" parent="Track/Path/TrackPathFollow80" instance=ExtResource( 4 )]

[node name="TrackPathFollow81" type="PathFollow" parent="Track/Path"]
transform = Transform( 0.0698827, -0.0390017, 0.996791, -0.00232757, 0.999226, 0.0392601, -0.997553, -0.0050637, 0.0697377, 25.9493, 0.0916817, -6.87784 )
offset = 96.0
rotation_mode = 4

[node name="MinecartTrack" parent="Track/Path/TrackPathFollow81" instance=ExtResource( 4 )]

[node name="TrackPathFollow82" type="PathFollow" parent="Track/Path"]
transform = Transform( 0.0488884, -0.0417689, 0.997929, -0.00317925, 0.999114, 0.0419741, -0.998799, -0.00522472, 0.0487122, 27.1431, 0.140223, -6.8056 )
offset = 97.2
rotation_mode = 4

[node name="MinecartTrack" parent="Track/Path/TrackPathFollow82" instance=ExtResource( 4 )]

[node name="TrackPathFollow83" type="PathFollow" parent="Track/Path"]
transform = Transform( 0.0338043, -0.0429752, 0.998504, -0.00382173, 0.999062, 0.0431286, -0.999421, -0.00527394, 0.0336084, 28.3395, 0.191226, -6.75519 )
offset = 98.4
rotation_mode = 4

[node name="MinecartTrack" parent="Track/Path/TrackPathFollow83" instance=ExtResource( 4 )]

[node name="TrackPathFollow84" type="PathFollow" parent="Track/Path"]
transform = Transform( 0.0222598, -0.0431602, 0.99882, -0.00431664, 0.999054, 0.0432666, -0.999743, -0.00527465, 0.0220524, 29.5447, 0.243425, -6.72074 )
offset = 99.6
rotation_mode = 4

[node name="MinecartTrack" parent="Track/Path/TrackPathFollow84" instance=ExtResource( 4 )]

[node name="TrackPathFollow85" type="PathFollow" parent="Track/Path"]
transform = Transform( 0.0131741, -0.042589, 0.999006, -0.00471339, 0.999079, 0.0426543, -0.999902, -0.00527064, 0.0129612, 30.7448, 0.295163, -6.69899 )
offset = 100.8
rotation_mode = 4

[node name="MinecartTrack" parent="Track/Path/TrackPathFollow85" instance=ExtResource( 4 )]

[node name="TrackPathFollow86" type="PathFollow" parent="Track/Path"]
transform = Transform( 0.00583764, -0.0414328, 0.999123, -0.0050234, 0.999127, 0.0414622, -0.99997, -0.00526105, 0.0056244, 31.9371, 0.345529, -6.6873 )
offset = 102.0
rotation_mode = 4

[node name="MinecartTrack" parent="Track/Path/TrackPathFollow86" instance=ExtResource( 4 )]

[node name="TrackPathFollow87" type="PathFollow" parent="Track/Path"]
transform = Transform( -0.00023861, -0.0397443, 0.999209, -0.00527156, 0.999196, 0.0397424, -0.999986, -0.00525791, -0.000447932, 33.13, 0.394222, -6.68371 )
offset = 103.2
rotation_mode = 4

[node name="MinecartTrack" parent="Track/Path/TrackPathFollow87" instance=ExtResource( 4 )]

[node name="TrackPathFollow88" type="PathFollow" parent="Track/Path"]
transform = Transform( -0.00537219, -0.0375528, 0.999279, -0.00547132, 0.999281, 0.0375233, -0.999971, -0.0052658, -0.00557378, 34.3246, 0.440678, -6.68688 )
offset = 104.4
rotation_mode = 4

[node name="MinecartTrack" parent="Track/Path/TrackPathFollow88" instance=ExtResource( 4 )]

[node name="TrackPathFollow89" type="PathFollow" parent="Track/Path"]
transform = Transform( -0.00977212, -0.0348327, 0.999344, -0.00563182, 0.999379, 0.0347788, -0.999936, -0.00528827, -0.00996222, 35.5308, 0.484639, -6.69588 )
offset = 105.6
rotation_mode = 4

[node name="MinecartTrack" parent="Track/Path/TrackPathFollow89" instance=ExtResource( 4 )]

[node name="TrackPathFollow90" type="PathFollow" parent="Track/Path"]
transform = Transform( -0.0135021, -0.0315723, 0.99941, -0.00575683, 0.999487, 0.0314969, -0.999892, -0.00532816, -0.013677, 36.7344, 0.524935, -6.70979 )
offset = 106.8
rotation_mode = 4

[node name="MinecartTrack" parent="Track/Path/TrackPathFollow90" instance=ExtResource( 4 )]

[node name="TrackPathFollow91" type="PathFollow" parent="Track/Path"]
transform = Transform( -0.0167013, -0.0277018, 0.999477, -0.00585279, 0.999602, 0.0276075, -0.999843, -0.00538865, -0.0168568, 37.9393, 0.561017, -6.72793 )
offset = 108.0
rotation_mode = 4

[node name="MinecartTrack" parent="Track/Path/TrackPathFollow91" instance=ExtResource( 4 )]

[node name="TrackPathFollow92" type="PathFollow" parent="Track/Path"]
transform = Transform( -0.0194072, -0.023133, 0.999543, -0.00592268, 0.999717, 0.023022, -0.999794, -0.00547319, -0.0195387, 39.1424, 0.592025, -6.74961 )
offset = 109.2
rotation_mode = 4

[node name="MinecartTrack" parent="Track/Path/TrackPathFollow92" instance=ExtResource( 4 )]

[node name="TrackPathFollow93" type="PathFollow" parent="Track/Path"]
transform = Transform( -0.0216689, -0.0177619, 0.999607, -0.00597001, 0.999827, 0.0176364, -0.999747, -0.00558551, -0.0217712, 40.3402, 0.617018, -6.77417 )
offset = 110.4
rotation_mode = 4

[node name="MinecartTrack" parent="Track/Path/TrackPathFollow93" instance=ExtResource( 4 )]

[node name="TrackPathFollow94" type="PathFollow" parent="Track/Path"]
transform = Transform( -0.0234818, -0.0113641, 0.99966, -0.00599748, 0.999919, 0.0112261, -0.999706, -0.00573183, -0.023548, 41.5359, 0.63503, -6.80113 )
offset = 111.6
rotation_mode = 4

[node name="MinecartTrack" parent="Track/Path/TrackPathFollow94" instance=ExtResource( 4 )]

[node name="TrackPathFollow95" type="PathFollow" parent="Track/Path"]
transform = Transform( -0.0248697, -0.00359712, 0.999684, -0.00600904, 0.999976, 0.00344868, -0.999673, -0.00592137, -0.0248907, 42.7379, 0.644777, -6.83016 )
offset = 112.8
rotation_mode = 4

[node name="MinecartTrack" parent="Track/Path/TrackPathFollow95" instance=ExtResource( 4 )]

[node name="TrackPathFollow96" type="PathFollow" parent="Track/Path"]
transform = Transform( -0.0257913, 0.00589419, 0.999649, -0.00600912, 0.999964, -0.00605107, -0.999649, -0.00616308, -0.0257549, 43.9325, 0.644377, -6.86038 )
offset = 114.0
rotation_mode = 4

[node name="MinecartTrack" parent="Track/Path/TrackPathFollow96" instance=ExtResource( 4 )]

[node name="TrackPathFollow97" type="PathFollow" parent="Track/Path"]
transform = Transform( -0.0261316, 0.0178795, 0.999499, -0.00600598, 0.999819, -0.0180423, -0.99964, -0.00647445, -0.0260196, 45.1324, 0.63141, -6.89149 )
offset = 115.2
rotation_mode = 4

[node name="MinecartTrack" parent="Track/Path/TrackPathFollow97" instance=ExtResource( 4 )]

[node name="TrackPathFollow98" type="PathFollow" parent="Track/Path"]
transform = Transform( -0.0256946, 0.0335467, 0.999107, -0.00601772, 0.999413, -0.0337117, -0.999652, -0.00687854, -0.0254776, 46.3323, 0.602342, -6.92255 )
offset = 116.4
rotation_mode = 4

[node name="MinecartTrack" parent="Track/Path/TrackPathFollow98" instance=ExtResource( 4 )]

[node name="TrackPathFollow99" type="PathFollow" parent="Track/Path"]
transform = Transform( -0.0241549, 0.0552152, 0.998181, -0.00608521, 0.998447, -0.055377, -0.99969, -0.00741178, -0.0237813, 47.5357, 0.551577, -6.95255 )
offset = 117.6
rotation_mode = 4

[node name="MinecartTrack" parent="Track/Path/TrackPathFollow99" instance=ExtResource( 4 )]

[node name="TrackPathFollow100" type="PathFollow" parent="Track/Path"]
transform = Transform( -0.0206579, 0.0874674, 0.995953, -0.00632903, 0.996134, -0.0876146, -0.999767, -0.00811335, -0.0200245, 48.7359, 0.470193, -6.97956 )
offset = 118.8
rotation_mode = 4

[node name="MinecartTrack" parent="Track/Path/TrackPathFollow100" instance=ExtResource( 4 )]

[node name="TrackPathFollow101" type="PathFollow" parent="Track/Path"]
transform = Transform( -0.0130421, 0.142573, 0.989698, -0.00718166, 0.989744, -0.142674, -0.999888, -0.00896847, -0.0118845, 49.9289, 0.340866, -7.00017 )
offset = 120.0
rotation_mode = 4

[node name="MinecartTrack" parent="Track/Path/TrackPathFollow101" instance=ExtResource( 4 )]

[node name="TrackPathFollow102" type="PathFollow" parent="Track/Path"]
transform = Transform( 0.00753826, 0.269205, 0.963053, -0.0112933, 0.963042, -0.269113, -0.999908, -0.00884737, 0.0102999, 51.108, 0.11913, -7.00589 )
offset = 121.2
rotation_mode = 4

[node name="MinecartTrack" parent="Track/Path/TrackPathFollow102" instance=ExtResource( 4 )]

[node name="TrackPathFollow103" type="PathFollow" parent="Track/Path"]
transform = Transform( 0.01044, 0.380546, 0.924703, -0.0114769, 0.924738, -0.38043, -0.99988, -0.00664103, 0.0140217, 52.2395, -0.285339, -6.98537 )
offset = 122.4
rotation_mode = 4

[node name="MinecartTrack" parent="Track/Path/TrackPathFollow103" instance=ExtResource( 4 )]

[node name="TrackPathFollow104" type="PathFollow" parent="Track/Path"]
transform = Transform( 0.00491408, 0.40526, 0.914188, -0.00913004, 0.914179, -0.405207, -0.999946, -0.00635535, 0.00819239, 53.3443, -0.75667, -6.97185 )
offset = 123.6
rotation_mode = 4

[node name="MinecartTrack" parent="Track/Path/TrackPathFollow104" instance=ExtResource( 4 )]

[node name="TrackPathFollow105" type="PathFollow" parent="Track/Path"]
transform = Transform( 0.00184491, 0.417097, 0.90886, -0.00774911, 0.90884, -0.417073, -0.999968, -0.00627339, 0.00490886, 54.4405, -1.25061, -6.9638 )
offset = 124.8
rotation_mode = 4

